delay: 0.2857142857142857
measurement_noise: 0.047619047619047616
model: 0.1761904761904762
u_noise: 0.09523809523809523
u_responsiveness: 0.5238095238095238
