delay: 0.7619047619047619
measurement_noise: 0.9523809523809523
model: 0.5904761904761905
u_noise: 1.0
u_responsiveness: 1.0
