N: 100
N_init: 2999
break_cost_redu: 1.0e-06
com1: 0.2
com2: 0.25569305436052964
damping1: 0.0
damping2: 0.0
dt: 0.002
fCen: 0.0
fCp1: 100.0
fCp2: 10.0
fCv1: 10.0
fCv2: 1.0
goal_pos1: 3.141592653589793
goal_pos2: 0.0
goal_vel1: 0.0
goal_vel2: 0.0
gravity: 9.81
inertia1: 0.031887199591513114
inertia2: 0.05086984812807257
integrator_int: 1
length1: 0.2
length2: 0.3
mass1: 0.5234602302310271
mass2: 0.6255677234174437
max_iter: 10
max_regu: 10000.0
min_regu: 0.01
regu_init: 1.0
sCen: 0.0
sCp1: 0.1
sCp2: 0.1
sCu1: 0.1
sCu2: 0.1
sCv1: 0.01
sCv2: 0.1
start_pos1: 0.0
start_pos2: 0.0
start_vel1: 0.0
start_vel2: 0.0
torque_limit1: 0.0
torque_limit2: 6.0
trajectory_stabilization: true
