delay: 0.047619047619047616
measurement_noise: 0.09523809523809523
model: 0.06666666666666667
perturbation: 0.42
u_noise: 0.9047619047619048
u_responsiveness: 0.5238095238095238
