delay: 0.047619047619047616
measurement_noise: 0.2857142857142857
model: 0.06190476190476191
u_noise: 0.38095238095238093
u_responsiveness: 0.7142857142857143
