delay: 0.7619047619047619
measurement_noise: 1.0
model: 0.719047619047619
u_noise: 1.0
u_responsiveness: 1.0
