cfric1: 0.0
cfric2: 0.0
com1: 0.2
com2: 0.25569305436052964
damping1: 0.0
damping2: 0.0
gravity: 9.81
inertia1: 0.031887199591513114
inertia2: 0.05086984812807257
length1: 0.2
length2: 0.3
mass1: 0.5234602302310271
mass2: 0.6255677234174437
torque_limit1: 0.0
torque_limit2: 6.0
xd1: 3.141592653589793
xd2: 0.0
xd3: 0.0
xd4: 0.0
