delay: 0.047619047619047616
measurement_noise: 0.09523809523809523
model: 0.047619047619047616
perturbation: 0.02
u_noise: 0.09523809523809523
u_responsiveness: 0.5238095238095238
