delay: 0.047619047619047616
measurement_noise: 0.047619047619047616
model: 0.20476190476190476
u_noise: 0.047619047619047616
u_responsiveness: 0.09523809523809523
