delay: 0.14285714285714285
measurement_noise: 0.38095238095238093
model: 0.05238095238095238
perturbation: 0.0
u_noise: 0.09523809523809523
u_responsiveness: 0.8571428571428571
