delay: 0.2857142857142857
measurement_noise: 0.7619047619047619
model: 0.24761904761904763
perturbation: 0.82
u_noise: 0.6190476190476191
u_responsiveness: 0.9523809523809523
