delay: 0.9047619047619048
measurement_noise: 0.23809523809523808
model: 0.580952380952381
perturbation: 0.78
u_noise: 1.0
u_responsiveness: 1.0
