delay: 0.2857142857142857
measurement_noise: 0.47619047619047616
model: 0.41904761904761906
u_noise: 0.8095238095238095
u_responsiveness: 0.5238095238095238
