delay: 0.47619047619047616
measurement_noise: 0.9047619047619048
model: 0.1380952380952381
u_noise: 1.0
u_responsiveness: 0.9047619047619048
