delay: 0.19047619047619047
measurement_noise: 0.6666666666666666
model: 0.40476190476190477
u_noise: 0.8095238095238095
u_responsiveness: 0.9047619047619048
