delay: 0.6190476190476191
measurement_noise: 0.7142857142857143
model: 0.7666666666666667
u_noise: 1.0
u_responsiveness: 1.0
