delay: 0.47619047619047616
measurement_noise: 0.23809523809523808
model: 0.6476190476190476
perturbation: 0.76
u_noise: 1.0
u_responsiveness: 1.0
